v 0.000000 1.000000 
v 0.000000 0.683544 
v 0.329359 1.000000 
v 0.335264 0.711809 
v 0.238952 0.651101 
v 0.253705 0.344139 
v 0.000000 0.305778 
v 0.000000 0.000000 
v 0.669596 1.000000 
v 1.000000 1.000000 
v 0.502499 0.648741 
v 0.665279 0.716413 
v 0.507754 0.363409 
v 0.333838 0.296797 
v 0.339013 0.000000 
v 0.770717 0.652476 
v 1.000000 0.686111 
v 0.669563 0.300015 
v 0.750775 0.345529 
v 0.664999 0.000000 
v 1.000000 0.306184 
v 1.000000 0.000000 
6 14 13 11 4 5
12 16 17 10 9 
2 5 4 3 1 
19 21 17 16  
8 15 14 6 7 
20 22 21 19 18 
15 20 18 13 14 
13 18 19 16 12 11
4 11 12 9 3 
7 6 5 2  
